799 3
4 1 Sphere
0.8580425668630082 0.18853420030839907 0.4393664995329657 -0.05892163467333381 -0.17805372453499263
94.823964
93.714355 29.659595 22.394981 91.080605 -24.42088 20.237185
264 137 138 141 142 148 150 153 154 155 160 161 163 166 167 168 172 174 176 177 180 183 184 187 188 189 191 192 193 195 197 198 200 201 202 203 205 207 210 213 220 221 222 223 229 235 239 240 242 245 247 253 267 268 269 274 275 277 278 280 281 282 285 286 291 294 295 297 298 299 300 301 304 308 311 312 315 317 323 324 327 333 338 341 344 345 347 349 352 353 354 356 357 359 360 362 363 365 372 374 376 378 379 381 382 383 385 386 387 389 401 403 404 413 417 419 422 424 425 428 432 434 435 438 440 441 442 445 448 451 452 454 462 463 464 472 474 478 479 482 483 488 489 490 492 494 503 506 507 509 510 512 514 516 522 523 527 529 536 537 540 541 544 545 549 551 552 554 555 561 562 565 570 571 574 577 579 583 584 585 586 587 590 595 596 598 602 605 606 609 616 620 621 623 624 625 627 629 630 631 633 635 638 642 644 649 651 652 654 655 656 661 662 663 667 673 674 677 680 688 690 693 694 697 698 700 702 703 706 707 708 710 711 712 715 716 718 721 722 728 729 730 733 735 736 738 743 744 745 747 751 752 754 755 757 758 761 763 765 768 769 783 784 787 798
5 1 Sphere

171.71126 -3.4464705 36.39834 141.55142 -93.57004 20.238702
263 139 140 144 145 146 149 156 157 158 159 164 170 171 178 179 181 185 186 190 194 208 209 211 215 218 219 224 225 226 230 231 234 236 237 238 241 243 244 246 248 250 251 252 255 256 257 258 261 262 263 266 270 272 279 283 288 289 290 293 302 303 305 306 309 310 313 314 316 318 319 321 328 330 331 332 334 335 337 339 342 350 355 358 364 367 368 369 370 373 375 388 390 391 393 394 395 396 397 398 400 405 406 410 411 412 414 416 418 420 421 426 427 429 430 431 436 437 439 443 444 447 450 453 455 457 460 461 466 468 473 476 477 484 485 487 491 495 496 497 498 499 500 501 502 504 505 508 511 513 517 518 521 524 525 526 531 534 539 543 546 547 548 550 553 557 558 563 564 566 569 576 578 580 582 591 594 597 599 600 601 603 607 610 612 613 615 618 619 622 626 632 634 636 637 639 640 641 643 647 648 650 653 657 658 660 664 665 668 669 670 671 675 676 679 683 686 687 689 691 696 699 709 713 717 719 720 723 724 725 726 727 731 732 734 737 740 741 742 746 748 759 760 764 766 770 774 775 776 777 778 779 780 781 786 788 789 790 792 793 795 796 797 799
4 1 Sphere
0.024444905098455642 -0.5246404070646881 -0.41879743291577326 0.53830892203519 0.5089077564060074
6.478183
15.137879 12.49717 1.9249945 10.95482 14.882393 20.231148
272 1 2 3 4 5 6 7 8 9 10 11 12 13 14 15 16 17 18 19 20 21 22 23 24 25 26 27 28 29 30 31 32 33 34 35 36 37 38 39 40 41 42 43 44 45 46 47 48 49 50 51 52 53 54 55 56 57 58 59 60 61 62 63 64 65 66 67 68 69 70 71 72 73 74 75 76 77 78 79 80 81 82 83 84 85 86 87 88 89 90 91 92 93 94 95 96 97 98 99 100 101 102 103 104 105 106 107 108 109 110 111 112 113 114 115 116 117 118 119 120 121 122 123 124 125 126 127 128 129 130 131 132 133 134 135 136 143 147 151 152 162 165 169 173 175 182 196 199 204 206 212 214 216 217 227 228 232 233 249 254 259 260 264 265 271 273 276 284 287 292 296 307 320 322 325 326 329 336 340 343 346 348 351 361 366 371 377 380 384 392 399 402 407 408 409 415 423 433 446 449 456 458 459 465 467 469 470 471 475 480 481 486 493 515 519 520 528 530 532 533 535 538 542 556 559 560 567 568 572 573 575 581 588 589 592 593 604 608 611 614 617 628 645 646 659 666 672 678 681 682 684 685 692 695 701 704 705 714 739 749 750 753 756 762 767 771 772 773 782 785 791 794
0
