770 3
10 5 Sphere

59.1697 25.154354 16.206387 2.1445794 27.768608 37.22386 -5.6641736 37.332947 28.232014 -14.794536 12.977900
52 148 151 204 205 209 227 240 246 287 294 302 304 306 312 328 337 341 360 368 370 372 375 390 394 404 407 409 411 422 430 449 450 455 460 518 526 528 531 536 558 565 570 573 577 580 610 650 681 682 703 711 718
50 130 135 167 177 192 197 224 253 258 260 274 279 284 308 317 349 384 385 398 417 427 434 448 457 463 501 513 514 515 516 523 530 559 572 574 579 582 598 612 635 639 649 661 692 724 734 739 760 765 767
50 161 162 173 174 186 193 195 198 222 231 259 261 276 280 314 327 352 356 369 378 379 402 410 451 468 483 487 538 551 592 602 608 614 637 640 641 644 657 660 663 683 685 688 694 701 720 728 740 764 769
50 129 134 159 166 199 201 210 218 235 244 265 270 278 295 300 323 325 338 342 345 351 364 377 393 396 403 415 429 436 440 445 458 471 492 520 525 529 556 563 583 586 617 673 693 696 697 722 738 752 768
52 142 146 150 154 157 158 181 187 194 196 208 219 245 277 298 301 305 318 322 332 335 350 386 399 401 408 419 439 469 474 478 504 509 533 542 549 575 607 615 619 621 622 626 632 648 666 680 686 689 699 712 742
10 5 Sphere

113.05542720447887 13.786703857508574 20.358682480725374 -4.517167615619574 54.92929649353027 40.01755272258412 9.929665897380225 1.4111312573182957 54.545811739834875 -36.015658530321986 2.1477272727272725 12.918551
46 5 6 8 18 19 20 35 43 46 49 65 77 85 86 91 97 98 104 109 112 118 121 123 124 126 149 163 182 206 212 214 236 268 311 347 418 424 437 441 442 591 611 627 652 748 762
61 1 2 3 4 12 17 21 30 33 34 39 48 50 51 53 54 62 64 72 82 83 87 88 90 95 101 102 111 115 117 122 138 165 189 226 229 233 250 254 271 373 380 397 412 420 432 482 503 505 527 532 540 566 618 662 667 672 687 705 733 753
59 9 11 13 25 26 31 36 37 40 45 55 56 57 58 59 63 66 69 73 74 92 94 106 107 113 116 120 140 156 160 172 178 238 257 263 264 288 289 291 319 326 362 383 391 414 465 466 510 535 545 546 567 606 656 690 691 698 702 754
43 10 16 22 27 28 32 44 47 52 60 61 71 75 78 79 80 81 89 99 100 103 110 114 128 145 207 267 272 315 324 348 388 431 473 604 613 629 643 708 721 726 757 758
47 7 14 15 23 24 29 38 41 42 67 68 70 76 84 93 96 105 108 119 125 127 139 183 223 228 239 292 307 309 321 329 331 333 433 435 502 508 524 541 552 553 562 631 633 674 709 763
10 3 Sphere

110.39539895406584 10.220339362214252 20.980032723124435 -4.052738930660914 54.611415444350826 39.24400885512189 6.771048082629358 6.233929778744533 58.1595317561452 -26.872028188007647 2.963414634146341 12.970301
90 131 133 136 141 143 147 153 155 168 169 171 175 179 184 185 190 216 220 230 242 247 251 255 262 266 273 275 281 285 293 297 299 310 320 354 359 376 389 392 395 400 416 426 428 453 472 475 486 488 489 491 495 499 500 507 519 537 547 550 554 555 561 564 571 581 585 594 595 596 597 599 628 636 645 653 659 664 665 669 670 684 700 710 716 719 725 732 735 750 755
88 132 137 170 176 180 188 203 215 221 234 248 249 282 283 290 296 313 316 334 339 343 346 353 355 357 358 366 371 387 405 406 421 438 443 447 452 454 461 462 476 477 479 484 493 497 512 517 522 543 544 568 576 578 587 589 590 601 603 605 616 620 624 625 630 638 642 646 647 658 668 676 677 678 695 706 707 714 723 730 736 737 743 744 747 756 761 766 770
82 144 152 164 191 200 202 211 213 217 225 232 237 241 243 252 256 269 286 303 330 336 340 344 361 363 365 367 374 381 382 413 423 425 444 446 456 459 464 467 470 480 481 485 490 494 496 498 506 511 521 534 539 548 557 560 569 584 588 593 600 609 623 634 651 654 655 671 675 679 704 713 715 717 727 729 731 741 745 746 749 751 759
0
