5 799 3 3 0
1 1 1
8.609790202442063 22.441607469983119 -13.928269564966532 7.827693735474766 15.709427130183887
1.056165702344254 2.938545305358160 10.716149072903290 13.402131870385183 10.350508105503788
13.295365877422260 25.070622281520230 -12.156149299457269 6.841135462857311 20.696541765341543
6.325127389856043 3.228047587533206 4.322386352483358 17.128691997237560 1.192371520179858
5.959770026040349 9.680134706001393 16.237640747675030 21.215745709141693 13.343760538976476
26.234028498388547 -0.852282195503113 10.977156867504869 5.448596382937815 13.860924860296779
5.476261496679538 24.482235403712664 3.327126550220577 11.829447678426968 27.930757493473713
9.727274421910067 23.679255912046791 -13.635277563402111 8.459411199120400 16.504558601599612
9.778297944152957 24.368054085199503 -9.004081751709890 19.968177448174359 8.849703207951993
8.893213074304915 16.395646303323556 11.895964380689586 26.472077311524053 10.993053252720294
-2.994300937276487 8.035738402806244 8.458384149264502 11.687372453893682 15.755672775327225
-1.220793535660596 19.567034295657834 2.252800895126218 19.889081088851903 13.775929764108156
22.479304098670070 16.210127730163254 -13.513727968939806 11.874856822581837 4.679256978986043
-0.654169044656873 9.053782998754119 8.543772115168036 5.838913221308848 22.949395570702343
-1.758731339341844 11.547562509162944 -3.817777770446173 3.159672126084091 18.234616352073573
5.303278776570293 -0.243848277278339 5.049656831905612 11.886144392615726 3.806149711310480
13.083016782602632 27.477318619504857 -9.317243329846933 18.350902823696632 13.349348020378185
11.079217154181874 24.399173555511751 -11.933977517249090 6.277802426127103 20.889497448770335
6.602668902680161 18.655985977118352 11.333413947904349 25.413218896948131 14.090383980355654
-0.845009888511550 10.910022295533128 12.483940306327108 14.757211136966278 18.681147532930027
16.129061594009684 8.908685068123564 14.088076617517643 24.535118073439037 6.779898034161464
-0.243023606921538 10.350752410531360 12.841544145107594 17.024980961914494 15.971170605384515
3.202379321589167 24.365425679444318 -7.024346262093991 10.200913979269851 21.123602040720723
2.516456981995848 22.170048806398420 -9.930745612920905 12.926462216150123 13.618517941297368
-4.235279522820205 14.617270895437823 0.823305993055296 14.120280753820834 13.743648293196294
12.341922097952738 21.599225244588091 -8.082695272174677 21.683220744209038 4.816250170147839
31.911023605771781 15.680251462174443 -0.477680855185433 18.956534162806449 6.916952989626394
19.536388462878609 26.990997802982058 -7.388938536391370 20.569510406955210 11.778095347349741
1.399198400104323 22.869735023013689 -5.654427387241766 17.503714870045442 13.070932873377012
-1.582732542510245 10.666005793672030 5.143753498308913 4.843524462519221 22.910966775980548
5.751676601711214 21.319930035538675 -10.948698694623760 16.102280973958177 8.389713794517272
18.849887839338891 2.545654043382191 16.979305912505318 17.703666416866668 9.694883087172924
-2.263733312811416 4.731442690570844 4.281628675080198 10.214425571884053 10.434985166036313
17.074362047048318 -1.569540199097448 8.413341580302426 13.839583848708983 2.575856877127967
26.538201417926565 -0.672706779498016 8.140152857452865 10.384586601716421 6.475616302228811
9.307339131963056 20.076833735777683 13.242571377411538 24.550029542971444 17.909408952545675
26.296066665937570 6.909679534561683 17.306786099461000 16.387256596234117 15.498107063761898
19.116231094429338 -3.116109511463113 10.662473863466992 10.223611605813124 6.559162915391154
28.011402429221199 11.849757234676559 2.779980028239520 21.582458137274955 3.058563699691298
21.362833726429244 2.771726164761448 2.260046970244246 16.269312241776042 -0.788518153493724
29.662210499354586 19.639840401773682 -2.889421999230206 20.305825291837980 7.695021885192174
4.751130515253639 10.598545150310080 -4.579386552741630 17.714926706716234 0.920654398023769
19.971085642495616 20.722393764368164 -1.178115257782832 25.705824965188036 4.972862639356926
4.021405956191519 24.225869407191404 -9.718703321951661 13.086984325623064 15.670304850818837
4.748572517678722 14.296692492952804 16.139396236722114 18.605359181422685 20.841562750210791
-0.735678935940664 12.705643488347270 2.107024945203453 19.686904191636103 6.773015243061023
35.524529133548484 10.535842707135231 1.174860809588520 9.184699413999859 13.136254570004223
19.662281269214620 0.776250222835268 -6.199301770623960 3.379799773950337 3.908697554192875
-2.295459675975080 18.522518156612819 1.528448951426970 10.182417816511874 22.422098026662418
7.061298111534418 28.149496706569188 -3.820748931036942 17.530759754916936 19.722330064251718
17.713055130559930 18.413459384815003 -11.632079560747210 17.337380756771015 2.950006000905670
20.114081681554655 17.942399917243382 -8.602789246540768 19.982013969348870 2.044536644404735
16.228053117430605 5.934032165349370 -4.159905749293340 16.011111418069657 -2.291886233424162
21.926225252820942 6.758490038649606 -1.769163010746229 17.718362878060294 -1.554108515526263
3.030795545627971 24.462593921347242 -2.122414668120529 10.613074613438819 24.830009102154470
10.079330825610862 0.277651194591916 1.318792028983862 12.722037985241117 0.159917202642905
21.827917660226927 -3.196695249189689 4.774799690504660 6.268355705050362 5.684429875138259
10.209127467525184 24.327288206173179 -11.628377980924206 16.801155430115010 9.977351317674733
19.017324789248192 10.483598776646781 14.121434169457553 25.007969210959722 7.792046032542985
3.840811038523077 24.643531287293243 -0.686174124569848 22.034511230273608 14.078273353087905
25.781691386582899 2.629486190039666 8.910161252381897 16.718854801345842 3.849679397425515
10.022755460919177 15.430949627103828 6.961454931948596 26.969686846159671 5.357144228403865
15.324655511843734 28.301018374608780 3.393811189814103 23.055801953395381 19.574478146282654
11.675389713388933 3.584239710274442 5.234675087920495 19.286718555160522 -0.229368799895807
1.414506532919477 9.878272478539724 8.368479947509767 21.138773502388275 7.371971007953352
28.166066848806189 11.546607823326152 -11.073873119580494 3.457527681607790 10.509873868322270
11.200491566611097 15.208764586709833 -13.852005851091972 12.140435910099733 3.629401223257803
1.459556991742256 2.271635410012840 8.077238354988737 13.480416460280946 7.389148309401495
3.828584120314657 4.625666557449282 0.152481283613334 15.145445772452740 1.419384427755150
18.747459137769347 0.389598027076220 1.752251618046151 13.424933429016587 -0.527835536447931
7.672585443831013 27.151749007725726 -2.764654111077714 21.781631823976884 15.037012838371583
1.587042915966313 16.281474559754685 -6.097436826004183 17.785809952769053 5.607017982752904
9.614301722598192 13.870064146608733 -5.888499447924021 20.407115151217944 0.134674399184467
19.958431421484597 4.363548426112507 -3.309418702964289 14.435106151936729 -1.723154689684041
-3.409598841411986 14.708969524635631 0.319425629662248 16.199439124090993 11.184582782160550
14.211079908231197 19.950941349193819 -11.339467971884991 18.304445190922650 3.921097206706467
23.851368875226591 -2.085082284303743 11.304279828885100 5.279173647144930 13.152873713664537
23.737854637159845 4.295970421357707 -8.782353466559608 3.379453503208155 5.216146831679893
14.039760096592987 28.872619474528840 -0.200043800472049 22.613373296173954 17.735952739097328
25.828621275903771 16.440872459095381 -4.213173499732963 21.048496613303719 2.706365015493088
-2.065066009739185 5.383523349141639 7.869703727929863 12.102342395688293 12.053442354507009
5.949108430867470 4.759685744573680 -8.339677805319425 6.090086112946461 4.045720698019983
7.458249414992773 27.340105875639040 2.801762160789097 20.773140873418839 20.889035216594156
11.827141762571724 5.337506454526198 14.551837001141386 21.740881418204872 6.642270142746606
14.147105981398532 22.531485128941341 -0.591275043617999 26.439050758625449 6.824973985494953
23.084711876265423 1.543347437697841 10.409696356208322 16.923214209762563 3.877362497376684
18.145668948066724 0.074159988454889 7.297614538202639 15.869635929218816 1.153407504488687
9.792080495569881 28.153219209724668 0.691297861333537 14.994672969295447 25.990717943426333
1.409974156709106 9.356654838805795 12.599890806775248 19.728429545905549 11.808440969144335
15.709267868864739 -1.905099396127680 11.495479167587716 13.646851777613506 5.035757282486014
-0.454896776594959 6.493923920492209 12.380996777946846 11.434095666798790 17.540176612543750
30.887221200412284 15.592185634338257 -8.631160355092534 11.784421713966198 7.752035771012301
8.428062817343564 5.749216120564461 12.567240242989147 21.637809619110612 5.705813604374809
13.769572010693889 27.627509251443165 -1.406156756408405 24.111970847797181 13.887601524743168
-4.212871200812662 11.997802837822668 4.367794383532737 14.194255977772466 13.880755413410773
9.656924417218525 10.162389004234875 -0.441915995423321 21.784822581111460 -0.664792208824146
11.469856714300754 28.968230689487122 0.825677179398968 17.354479014165303 24.364780349872003
2.114283983450884 21.064887418503194 8.841323926967307 16.655442722563706 24.002265522297584
15.474326823732790 -2.338795270750959 0.756763789070292 7.780337314108176 1.968128229355482
11.989655101954984 19.408150022768545 -13.575917884303475 14.783689297146470 5.351940594480350
14.990524031380918 -3.445231147268883 9.757973180143493 10.248237114307919 5.647648516975753
14.169439651158225 7.198699600926259 13.071131295252238 23.660377533536209 5.199576407854844
11.780753939875517 2.870896620893223 -7.855363202466497 6.698030901123842 1.573914876300220
30.064723846550265 12.214401375321781 11.137604536354143 21.029881498654781 10.798124333662486
5.505675592022771 7.664584553266430 10.815557563471803 22.093865910270928 5.896845150932000
3.563662940373254 18.265959029329061 -11.039982065104869 3.825955996194868 18.256877670592001
8.114170841244599 1.132677089025492 5.686660607463514 15.797088656923101 1.477530991075962
12.095713598597099 3.223345269642421 -7.510635634923498 8.199238974178019 0.617880800627221
15.027676612142518 29.593902748103474 -6.469940953347805 16.361324850632279 19.885618834766710
32.603151981494712 9.283450665620359 3.320540297559755 16.367551394038703 6.153395295688142
27.540447917373086 14.653204362846761 -11.698816234044109 2.467695236419939 14.275290989884450
8.432424643823854 15.720019360923120 14.542263731035145 24.919256975865260 14.138934373366464
29.538547150571063 2.091182062843624 6.687271257202485 12.163624186125103 6.103386452853073
24.524280002803884 16.704221630728675 -2.244588540226106 22.963639050863875 2.634737110233978
-3.207591027129793 7.398024765982906 5.062349568482409 7.230828299680425 17.027790862150948
27.625552593232001 10.459973032302297 -11.066404899438490 4.089602195819131 8.753163977943871
10.315903970604094 -1.938191410668315 9.791917562682844 12.736027000064038 4.822234621340501
22.536147317149680 8.334721336404920 4.171119576642101 22.073151501768194 0.323634976735987
7.745935822355513 21.655273209828302 -13.891713976123786 11.284614285001197 11.313723270679274
33.872759352731912 11.915280130360253 1.454212018798840 15.834377538976426 7.833713827279169
26.463825909585285 11.324944696038198 5.533981017076257 22.968304730830845 3.392312588826691
-1.750232746616765 13.235711624772811 9.116509307482549 10.680407460174031 22.663375962185690
26.731923692647641 1.358960010940971 1.868215839846949 11.221284779963456 2.514359075466274
3.511762806642587 19.965450934093248 10.156489415148078 13.973723426343629 26.720659206968158
0.870627698309452 17.564889830746694 8.493723912653683 22.315388901972767 14.180814669198369
4.300807499174978 8.333179801832710 -10.700937794566444 2.845098372834890 9.298161488377211
24.160710276133269 1.165204313758448 16.278953626121044 11.151237562114430 14.371297543511840
21.524729738578444 17.879754047685175 -7.109750696229829 20.931935706009504 2.136065294831154
32.213619684169132 21.266555556718888 -2.319827886876084 17.163698665428804 13.041866947761998
22.178250364277758 -2.991267690575691 6.423760312052923 7.897208681159486 5.513408747256872
4.677387147834141 22.859498743283915 -10.449703095411898 7.607019803881906 19.425179438306380
5.886772703356558 2.302514159824854 0.034294869244957 13.144930511054014 0.944382158243648
-2.941450374462567 5.992296362776435 5.285808853226691 7.857455861569357 15.086883939711228
23.372657795978991 2.822969196488158 16.629168035361793 16.010412054733717 11.266463206002712
9.090842301841375 -0.947691897632213 6.210967714828438 13.224318437853391 2.438812842424444
-3.774150275511298 17.372255185701519 0.258602978596870 12.671413704523941 17.629510562192241
84.795686032875523 39.640886101230635 33.955643353327417 80.883216649490564 -24.929495649843656
100.978642593857760 31.459677866462346 14.508603106141777 92.094497537985674 -7.304145846864024
159.375980999911380 -12.831438769293234 36.518467901223701 138.676476991947600 -106.259571266990920
174.250352185684310 -0.596360089688426 36.836807889555210 131.058007632609990 -110.437730145778830
96.599440903932333 14.397761737493086 26.823809184113987 101.940281140695960 -19.342830226312952
97.777245837191217 43.911411478964872 12.553534013678979 94.994959992000815 -15.331229477234814
-4.041667222483552 9.869937857305470 -0.683125564025628 8.835543782812865 13.190614328551018
185.770149926192200 7.478640465905178 36.376817047603716 142.066445979770890 -83.960358757183286
186.823078763170570 8.802960733558759 36.630480549695520 135.995805503852470 -93.976195220140653
166.858056159577360 -6.547309151949722 36.744002544524982 133.279012543746940 -111.111808087585800
7.016835820195730 22.783046402675033 -7.751167930356731 20.417104217872286 7.904542752943946
100.120439139713210 20.741606507828124 16.775940750789047 79.743273415933842 -13.106611616215595
186.467196379680470 8.140620810153740 36.436433940018389 140.639702608507430 -86.035953627360357
101.641221114028060 18.376290466078782 17.665654608612726 96.830710079752336 -11.741606908599344
12.631459298905170 27.248708281490877 -5.881711211596766 21.934789644227436 12.171636846624653
10.480912141655544 15.199012490880602 9.586178919353703 27.104818581177490 7.113065362657711
94.111851263919519 45.449967097517415 11.983939069293703 85.991810290623562 -29.791907435403967
97.990137501087233 42.335030990172463 10.461243762031238 100.430677988435140 -22.936221210635402
100.351789961917210 16.243619302571695 14.768272894556397 80.316520441764027 -21.898317833532342
186.972786976398060 8.867822757834276 36.604286880391271 136.622668839649410 -92.781933308114588
170.902909128905290 -3.266814360374352 36.807042836340720 131.770340843031220 -111.258557741153170
187.057415487972610 8.875375481099628 36.574795111543473 137.328461845728330 -91.489265037609144
164.559484680690930 -8.440890080573732 36.693363344093193 134.490903009952430 -110.405362453302330
101.506892686970720 20.097490004579608 17.621527994610606 92.400955846006596 -9.209414219194532
98.469881946124275 33.031994831696935 18.405088607159321 85.856287759636714 -6.049668306178134
0.328909984525398 12.850678597490717 5.768445892687740 4.487072277733253 25.962479433096036
94.852200104214987 33.900967467468831 26.459720477675475 101.103609297965020 -7.733165696573554
186.815918750338140 8.499713014537905 36.480338788350849 139.588977741988630 -87.666448919526204
19.318521141118509 -4.026051568690638 6.151205473780481 5.758230196322788 6.622258988849161
101.574013089462820 24.217209609628028 10.254867577083445 79.551276059481168 -18.449569947580603
88.336441319109639 32.656429054433595 34.072407401493308 79.150974633944386 -14.400758251321902
89.806790163513625 25.172058608876508 37.141228137113927 98.197339869849984 -13.970225265316614
33.315370235448050 18.892920374949995 -5.225096002689803 12.311291290715703 13.283833872993419
185.654544223623670 8.066711987741424 36.718933362893488 133.878964793303230 -98.419564785144530
168.311530470704160 -5.361444376106014 36.770213626151708 132.651732498613770 -111.314181688884590
102.435507011568800 25.928125004175175 7.559331237648294 82.279022996956982 -20.040598845347446
7.727891929555315 5.452036851936520 1.802895931371367 18.715860626140845 -0.334504981109991
90.546395317848081 25.627141859419766 35.224288698501965 85.621218038206862 -10.492746759632144
12.745799474814341 6.132898192880973 -8.700839922675641 11.177624546125809 -0.543761542769117
99.871721690420884 19.753108757909885 18.243140220809668 80.887780393396710 -12.110130936249050
97.956576961796671 43.161398154032454 13.167012284176987 94.916949979480037 -13.721550005421083
186.999091325415410 8.875276340653624 36.597695711045418 136.780407809129140 -92.488456595702431
158.257817417053500 -13.820762113500979 36.459447970103810 140.088933966592240 -104.469818805137150
96.825812281101491 10.997106758208588 25.027751152678565 97.179985197631751 -24.709457918679902
163.142862066406560 -9.620945665491849 36.655581265868229 135.395098573939350 -109.693556118987540
2.197946877974346 14.790577699866141 13.791371141889865 19.868434264718513 18.204916513526022
88.579693851826349 41.684301146849123 25.313011680904825 75.682331391674381 -24.136185179401338
86.553831369382948 43.790280525523812 31.594377225789188 83.821584708662286 -18.862386848497017
186.863606562314350 8.822799367891673 36.624539505147226 136.137985774986080 -93.701252827253924
175.347096140344890 0.269789327829250 36.842127093661695 130.930709162462820 -109.982372185757430
88.793264696537690 36.366686045943915 34.642041134005296 100.352236188179760 -13.880976361954207
101.819981293567980 22.102562557535450 15.915216769136075 89.618031261082663 -8.867125356343227
100.336223533970030 20.510628371124277 15.667980661356015 79.108208889496751 -14.835175723103152
162.979299814863910 -9.757941550563782 36.650841933764546 135.508519626082030 -109.595515127865470
93.737112863743320 11.154134560693148 30.245050957409120 90.671208161697834 -24.399516961462513
98.646468474618487 34.686368005253868 18.590609373739632 97.036895520282414 -6.689046282040966
101.124412213492860 32.381590772832219 12.989152808281538 102.095899134276100 -12.684586189747025
185.788334115114000 7.495442284474592 36.378136451477808 142.034870185476190 -84.004587147832510
91.691507149751303 28.139079607824197 34.043754684801662 96.326637562809793 -8.770387343703602
16.464941091855621 13.430396087531651 -15.196390106147282 7.820682616941240 5.006162953135080
98.299824793950705 37.450189774140256 10.963631663179788 78.416665826572412 -18.091611610775598
99.541765353358130 34.915773281986979 16.305619178722178 97.944816932623127 -8.070606359435107
31.650334548648090 3.708255239115003 10.018860054324307 10.240518127739225 12.444899969603792
88.624419302722799 22.933134089872382 38.490449771588978 88.835815588710275 -15.611520775448197
97.045894388694819 32.567284066440052 19.195341116599469 78.798461907526658 -9.118331027752001
103.747314882235840 23.948501024439075 9.663259289269902 96.177498149066977 -15.222746674336342
95.820066065016476 27.678384848672401 21.886591778369127 75.019195635423600 -12.310685964581140
7.085678895372622 27.799050717847905 -6.318125424608954 15.277107301255194 19.688556603037526
94.890797936394236 44.035998172366433 19.776156230365537 91.700178709079452 -10.196209357594354
2.778688695584439 20.668677177444238 -0.348956301653029 5.974621264638447 27.296786327045488
89.361647122806119 48.636105667203680 22.837150853896187 85.227470034461845 -22.275087919104649
157.927031274050360 -14.119903401296353 36.438724657729665 140.584881463398600 -103.803112691193160
156.556288872820260 -15.718258008423485 36.171897157162000 146.970560962722000 -93.430443379726768
100.992920425957010 38.644439040590825 6.855704674127154 92.398546283699602 -18.612662613221687
163.176686530015620 -9.592635735916307 36.656550940977752 135.371892440933240 -109.713392966870060
20.916397942391111 18.538656055693867 -2.043648155976333 24.705174465503170 3.022394008732377
101.768677302556480 36.050252327511849 7.759567952210766 90.872189790251113 -14.885678641059650
8.628629099712224 16.403742880557587 -15.039896442616717 8.227051747053785 8.146775711724851
170.064117440587890 -3.942165615289666 36.796458476203497 132.023644312118710 -111.332777922813080
-3.407422653395139 13.852631337841977 0.875997416824573 16.247433846383487 10.708921219499270
2.134893418278020 11.791808125121026 14.666856449441017 13.051699176305220 23.047496891886205
179.354128296560820 3.392407329627352 36.840416290258851 130.971651877114250 -107.429445457452690
160.026962391366570 -13.341502366375027 36.005028284515760 150.964044156415810 -84.263919422990682
89.126148309971825 35.179720302037779 30.821696466724976 76.649790268012367 -15.117127935462751
101.033216173002960 22.104207549624341 17.742597351174084 102.503447008051370 -12.411604524956445
100.886956616762390 27.444017355342321 15.115246036023073 84.979569041728297 -8.146574299388995
91.265997682496106 25.201357074955567 35.071343791123574 90.173348339009195 -9.359623668116138
157.042304044007980 -14.948179463763998 36.369080152324436 142.251604306660820 -101.422012452102610
180.374203002793710 4.174807307811170 36.833661390897042 131.133309211095590 -106.513783923265590
156.408761612552210 -15.629334568613567 36.274802556899580 144.507842914260270 -97.849450258482563
14.212114060321605 18.339372163825502 5.084052726334221 27.796166619380553 5.735040898268725
9.179550764367004 6.272892057886088 8.409273811209165 22.146110712609524 2.250182958140215
100.871239791242150 23.971223109515577 12.758368278163642 78.644356961090935 -15.618926095225202
187.014728397769720 8.739033700263772 36.522821235801040 138.572293580173890 -89.329944857753532
186.754721818216780 8.433752480634988 36.471149103015755 139.808904043155850 -87.317869146988770
20.910759245226242 0.756747176405796 16.989245391036803 13.611181992699825 12.088781321547831
-2.807913326610860 5.414653983413208 5.144687809379450 8.707611895678047 13.469564293538113
156.389229215726890 -15.775615445117962 36.208703974779525 146.089705203118850 -95.081782216489870
94.659562884078838 47.041812977363136 12.525470811955516 93.810391812200180 -26.717975029823965
156.368315011305330 -15.773400224600472 36.218051096689344 145.866011151230510 -95.487822578930007
181.468977480861070 5.007209277853658 36.822733252661273 131.394839930940660 -105.376366890803890
160.012046223937600 -12.278913802848562 36.546871274550696 137.996731319631380 -107.060245221309160
91.628804892483146 20.389429449135577 32.563598590804801 79.437860098548470 -15.341958954193824
97.070973778522514 42.333039552265177 13.036599999453344 103.153259239104360 -21.913774690176478
186.983491401852210 8.871114951231496 36.601735274210270 136.683733532178050 -92.667998346588618
97.258645283167397 14.569259253608118 26.135617342669526 86.981292246740708 -12.732470982349167
168.522118908312880 -5.190306559814396 36.773669427092919 132.569028739904040 -111.329127493123890
157.183347605072750 -15.350043904749723 36.110877535136439 148.430874268494850 -90.476028931636847
97.794233896677341 32.609688472409140 16.598058623216346 77.439978798835526 -11.426704070891628
170.890947095702960 -3.276428063477868 36.806900720143716 131.773741948553720 -111.259987443450560
91.030525466431612 14.003186758345027 34.614016881182536 89.195064812099758 -23.156452509544362
164.893661000375320 -8.164071845800045 36.701492791477484 134.296350179407450 -110.540337235587570
0.008173805183601 12.692292497912526 -8.408959634015563 10.794987752616457 7.475192145566880
176.517736339922750 1.189200797218208 36.845233633313526 130.856363877489030 -109.388207771578660
167.859757832074930 -5.729152748526744 36.762513117734549 132.836020020061850 -111.270056345928350
167.487582441235670 -6.032667812545340 36.755870360336274 132.994993587804710 -111.221131355943810
94.371217674119706 22.427741193094086 30.530717580183683 103.780548845990790 -13.039806293286510
10.207328437545844 10.168907275379102 0.088121387400522 22.178971775012940 -0.665245273986740
156.468823511184330 -15.550663315059088 36.290850211233611 144.123792630556180 -98.487143204811673
186.275907988417600 7.954299206589118 36.417724798327392 141.087447246117680 -85.367582114355287
156.352965874499230 -15.731666290535980 36.245141740109609 145.217681552728780 -96.636617273916670
186.551341036566190 8.224361274623790 36.445561937110526 140.421252621991240 -86.367730885437368
8.742284113227477 26.118794857306973 -10.892483191425862 14.936623781600231 14.472543822336059
15.689507916337583 0.544520475852515 10.181259506531006 17.356432774622363 2.556643399983019
165.049860333282030 -8.034870707971088 36.705197739822474 134.207683858873250 -110.599436237865010
182.717434571035000 5.945060571580974 36.804519894622302 131.830719541535020 -103.837417947444720
156.368995248635710 -15.692703913382687 36.258486930269136 144.898306274562230 -97.187921686424758
15.493252052621898 11.991684868478234 3.059303282056270 25.000303087133481 0.420735711845337
32.436477676686373 3.393009324398879 5.303170087543526 7.810186414347008 10.772185558014764
160.628818883864080 -11.748184080592432 36.571872688841509 137.398400868867180 -107.729795633223430
91.073773179219032 34.978126511475338 31.579058893589952 104.037488306869860 -13.139241906463248
96.568239832367169 26.186245738648456 20.998679437735987 75.281491898420157 -12.563016679233776
94.492028752059895 34.047662488582382 27.132228042009142 99.972603804477600 -7.279746429701280
181.267013826299940 4.854280608319188 36.825068351090358 131.338956672521700 -105.599616024691470
5.641140522137292 26.650860179231351 -7.390182311895588 13.400786950616546 19.676746960425540
167.739868147562310 -5.826865677801404 36.760403057492852 132.886517695148060 -111.255548671610680
14.699551352241219 17.885972749949524 0.443367524503635 26.342288251990645 2.963107906361085
96.599407457893236 42.168157557613540 13.496172334724490 81.111543663283655 -15.932737154167961
102.640496154384650 17.117482683189365 11.644355068535216 85.872899792773538 -19.491045704680150
8.911065797451791 24.969959088932075 3.752712010206368 25.571880718917818 14.082422941414283
101.914066957271970 28.849074238820975 12.210883022322452 86.933127483125119 -9.522465093978983
90.534431725696223 36.489025512768961 32.390695952718289 92.507288676948889 -8.320114538581935
184.233943223972720 7.061342111588308 36.770828877885208 132.637008377699770 -101.481593580298780
91.513612260235604 17.356717517256659 35.686086737842857 92.864626777624807 -15.846408495132767
91.796654754505695 41.302120488741430 23.921574193523856 107.489398124063300 -22.997430964344662
89.906886287573030 48.751922031385675 20.007618461434053 93.637932317194142 -29.290321505678378
160.142907172249550 -13.255892605652885 36.002585786168154 151.022497695096260 -84.089412737386382
25.930572093658853 4.099904701084890 -7.326739561279595 3.872749248612704 5.584773842425291
103.113835488685350 19.121738248508166 11.659934399047835 87.502002942161326 -15.588447785557495
93.750731245913656 13.395105606323462 29.126881073334541 81.626415991702473 -21.727108750637839
4.639447663559917 20.494092300759021 11.738110816334663 20.927888206201665 21.157116730960659
185.863990596467090 8.208850899850246 36.708211416445572 134.135560959289220 -97.838975590130488
161.163467847393380 -11.291418862726950 36.591881885585835 136.919543490312350 -108.240246815522450
175.016388420576990 0.009088961706178 36.840762659837921 130.963362607396680 -110.129750987612340
95.990076732360521 36.077174872991314 15.865401862032353 74.521279291074748 -17.291426751397516
-1.049059644867425 8.753042195278287 11.611055863526458 10.690210636193182 20.050925136551534
157.303269963287250 -14.697782793075611 36.392690821662200 141.686556975202480 -102.253375374239970
85.575777228994482 42.065080942280957 34.019016326397349 84.661454126888245 -19.697255907917835
91.973236444529149 41.551777691925871 19.842766034753442 75.113136723336609 -21.233059249846267
31.555276353998266 15.223227162024298 4.966925051674906 21.064788954358054 8.713383305774812
87.140781173967511 45.926496088421857 26.481681536849653 81.510372827729697 -25.623225413034557
96.903249534298794 41.223965880514342 13.045310096346910 104.461417138358570 -24.307799496816038
89.142016431290656 35.853754547289789 34.755301567536634 96.745573272110249 -11.270457773744473
89.887401207101220 21.065324292960739 32.383881055482838 76.303428915338515 -22.424352446391445
94.451338603702894 28.373642856167844 23.184075215723094 73.440105284083927 -14.446182334210370
161.189791209388770 -11.269000690639796 36.592831426880409 136.896819197030710 -108.263881294574380
186.586692536556880 8.259959738227847 36.449607084728747 140.324444698660700 -86.515960593715519
99.408123496691431 21.478361635956034 21.064078793849305 86.543694171712730 -7.428094162541061
163.531546460998190 -9.296044432599064 36.666514976556705 135.133434494912990 -109.912714572410470
174.176869715266830 -0.654551993128995 36.836371098665978 131.068460852840080 -110.464858134431150
29.438682889855968 3.802394882450436 4.445247872892752 14.149621846321097 3.926525039771931
98.389890797733486 22.693426791248307 18.031051221005779 75.864460794470233 -14.998735940645400
156.754467118392450 -15.613155040315194 36.146928165728909 147.568115474059310 -92.257674505503260
176.132211974300730 0.887013618185565 36.844513498482563 130.873598046444840 -109.596622501328380
96.006381510652659 46.600551766752027 13.012714366464907 94.637754647326190 -19.766336219018907
102.484245706556930 20.741920710508516 11.405115747657735 83.293429405281373 -16.142988804232658
186.517685837497480 8.190710537634704 36.441831733933491 140.510523337735320 -86.231695822441850
186.943050901211140 8.645387541857991 36.503790933396211 139.027724192363020 -88.574009159370519
102.107348757073540 19.176885314995520 16.354874548664036 96.581691929658120 -11.799701773157350
160.425943069427230 -11.922274177354312 36.563892823479698 137.589373922768630 -107.519815953873050
92.736380558565713 30.156183338668221 30.827246256622701 86.786915797572192 -6.379491727973118
186.117771586411180 8.377446962674895 36.693388842726087 134.490292780133640 -97.058485339431215
182.530165239206530 5.805290697650415 36.807710108370301 131.754371779457700 -104.087530689378610
16.426861207297538 2.409344706778532 18.932068481819009 15.130197521593448 13.999888371966168
172.643354065617160 -1.873407744258210 36.825015584334786 131.340219479348600 -110.936790319430140
2.942373494646853 23.461166980819158 -8.977088679195989 10.324015475493555 18.466686608210207
88.474781956605270 48.717141585540816 24.455602118566297 95.500872997380753 -25.869073265598612
97.988797060632479 36.989765381463236 10.028622435752188 77.612450972974486 -22.119091742170578
17.304258174624650 0.380396835361751 -5.771785942788298 4.533581531374591 2.745249795160852
-0.213807850766857 4.276608799960478 6.895965373952057 3.886462463767177 18.712600166315024
94.938594360945189 46.964151255424753 11.940415763080901 89.530199959112622 -25.482834837812227
158.601835806577720 -14.376782071897019 36.043617996272097 150.040520416460310 -86.769177570665391
14.514181801831700 17.824415644030374 -11.013060702911266 18.035241699365063 2.267640094464086
185.977365181401580 8.284729193163088 36.701871705422619 134.287282062341860 -97.502163817066219
156.374991718234100 -15.774956707503572 36.214638711445879 145.947675891358930 -95.340181526498895
187.066973574235250 8.836455984407467 36.551402863571390 137.888281946732210 -90.499591132930163
97.669870559772420 12.584301350203361 25.709122953924709 90.511198481838719 -15.073108552389810
172.158452319700300 -2.260551817313139 36.820547970286007 131.447137811909810 -111.049135749472460
158.910987521699500 -13.239539746862762 36.495595629864695 139.223853083277850 -105.585586464283120
2.016938722145724 17.439666052014129 2.150416451501582 23.287777725279422 7.747968387908859
157.797339955172080 -14.940260978320509 36.075967007949728 149.266348263088760 -88.627716982182761
89.250701480737575 45.381484940501025 24.952506067629891 102.696668295447860 -26.816978983576593
164.093374874370280 -8.827946819158818 36.681545138059711 134.773734711430900 -110.196945170983720
7.488438935940266 27.134895443314342 3.672379513819513 18.282844375623888 24.026660086368729
95.914495789979412 11.237590748003772 28.105179363605600 90.749215624459893 -19.124494452427861
177.785463776569800 2.178497450453366 36.845386601008506 130.852703075390990 -108.609719348440960
1.711333494488914 8.926242721416509 12.979437943317482 19.574073405366082 11.825863448427523
94.430466236485543 32.346087254375838 22.366834080122164 74.616298059721061 -12.746356790988948
99.475741884586597 17.454192089284220 14.611774891231393 78.363825889300315 -24.578165171887679
28.233962517371111 1.338726422137087 12.763461545075868 9.089801276332105 13.642043844773662
94.054156544701470 32.780427189075461 27.347967739068249 85.938739325981160 -5.555225405219236
2.782408699620412 13.431980102761365 -10.990699375298602 10.389736210115489 6.408552180657170
91.493063828779441 25.271298437513195 34.551514065092583 101.927367954642160 -13.363718400830917
164.275564555725310 -8.676521837118612 36.686232649131490 134.661553833184770 -110.281273548980040
8.581088506064090 10.030645311121971 -11.662570522236171 10.263179789541979 2.204496152400662
91.949904239710804 15.309483955684657 34.733267488020793 90.750702347446662 -17.563294131123570
88.795463168030338 44.162481898231164 29.169062162108453 101.689761534082460 -19.563508650724707
90.165861371730969 39.981371712337719 21.831890868526067 73.997779969982318 -26.328186895604315
185.584799419745790 8.018891804754839 36.722257329956570 133.799416065057410 -98.602536440452809
93.226043916397927 43.358726135240452 18.002688417609061 77.784234233766057 -18.706971348912848
92.386226742828114 21.780881874593511 32.053610806761156 81.017917762315278 -11.999902190906784
166.362892754992170 -6.953249982310242 36.734091750160168 133.516196328262230 -111.001595311386240
87.244773468495993 47.986764395326610 25.138415523670929 92.283762337124941 -29.820342906229840
96.236238311381214 41.466941363094364 15.862938098185113 81.534772861239389 -12.725143959311698
24.620243303190428 3.165757727885238 4.088820217493496 16.462457112309245 0.761884158012574
91.448810873457546 18.284369729989727 31.346209576190571 77.589792218787181 -20.830797952348284
91.244940248751703 40.241180513430038 28.608595769198043 87.546043599055480 -8.614122280647694
186.943552465566680 8.857480765747498 36.610574146890457 136.472202831815820 -93.064443679887717
99.818757455852065 36.858779487640568 6.299361675229360 83.246762194353337 -24.506058502624640
26.842489700774891 3.788590926113146 4.827953421907198 16.311961230437596 2.064676657384064
183.279361677068810 6.362193814595251 36.793804610051964 132.087156276371900 -103.038868244794440
157.328260330246110 -14.674149431916508 36.394777843315403 141.636610656486570 -102.325671677319040
186.791191564112210 8.786618822462973 36.634785270637217 135.892785507003590 -94.176972493736614
186.494886555701270 8.168036206757613 36.439366256751939 140.569526802748560 -86.142127029336677
35.113466216990894 15.941543783880430 -2.065874917950614 9.885506313428341 15.320608134026502
91.835236038764819 16.897229334074517 34.191403621304332 100.559449689639020 -21.017707235731208
157.722634356616740 -14.306916953920258 36.424824710372967 140.917533115452840 -103.345107037879910
91.491155030898426 16.604163490200129 35.588305695449087 92.231326563043396 -16.783194189466570
182.306274181275260 5.637737108394147 36.811296796464688 131.668535647177210 -104.376991647582370
93.921738396012046 13.137598747260224 30.814972596254364 85.877028904610867 -18.416750766094829
7.094180847232696 16.262757428851145 1.957314399095039 25.300368267828244 4.003021647603433
98.537080133256168 40.141394632445049 6.960892202493382 85.087422280205203 -26.183356521627978
94.314532479711403 30.176252119602033 28.728275112456902 90.242151497751692 -5.075959160603500
-3.167422876543951 10.863469126084073 -1.407567582356425 13.233452517967322 8.924708657922176
93.020712681281339 41.428279974060452 24.287459622020034 104.740384203803610 -15.152524481441334
88.099192499859228 36.562861953785685 34.447053434926680 103.575696220483390 -18.565860679726093
92.421812127939063 30.700237369545317 31.718335901940790 102.127434972298290 -10.196958896564860
6.863427640386492 23.815561939597089 -10.591517495944583 16.624739858708882 10.650388044517513
96.134872411654626 31.192243633356451 25.341954369422332 93.276095100463991 -4.588038112743568
102.469897189383660 20.072253589229121 14.223523882137656 88.274513107801681 -11.614829656284012
98.395598607245105 18.253216093412284 24.587204326284471 91.089449491253433 -8.533031710880367
162.893026847007320 -9.830269425120541 36.648307979908033 135.569161865578880 -109.542366696416280
90.233322537363321 40.987591299667038 26.559303884316051 78.211671220845361 -14.666692314740871
160.923739189909840 -11.495879562924534 36.583084603679261 137.130078845929970 -108.018708529718960
162.080126649714510 -10.514213628142286 36.623200982888442 136.170019107866440 -108.989809628640760
20.157612068788328 -2.009632007119620 14.688049264905487 7.980351624180359 13.335467284924375
186.524591915790750 8.634853253493262 36.663141358250130 135.214171469973650 -95.534548512525205
187.068753727533930 8.858361459235466 36.561751571497716 137.640618074346350 -90.933701624914747
163.978830259289570 -8.923240209079086 36.678552212857504 134.845360990828990 -110.141999367228550
159.582068573678300 -13.668328417720685 36.015242143093232 150.719607480329700 -84.968919863991616
171.794802587886690 -2.551431340732830 36.816923770794055 131.533871661861550 -111.121876847128160
162.575828034747530 -10.096611208207076 36.638782228924534 135.797130844194530 -109.338158935789780
20.421068394641406 8.678798425997726 -11.641637874073611 8.913540752370414 1.686974338186129
169.703000802550320 -4.233689760058262 36.791512352901364 132.142014263133430 -111.348357418061230
87.378101611296444 43.516906761679380 30.498618096391287 101.919043959379170 -23.872416231435437
25.883960324807326 14.635753219118676 -7.522122714675678 17.346589982257917 2.035514807751769
91.023931169886410 47.714008087804551 19.232963460323639 98.437962105888730 -28.506251242447686
93.650741940697969 34.787732910026293 28.161976568769468 92.633369894640197 -5.580562670189167
157.165931845151280 -14.828661748097247 36.380717672692235 141.973096749990280 -101.834880933512780
177.588445292219800 2.025208797119857 36.845594193747978 130.847734994148170 -108.740434854961980
29.317607779888988 4.037260036460809 14.126023045520887 10.935597731657820 15.540812910380890
26.348033318000841 8.732772730027172 -9.057312898898719 -1.381108868324166 14.474054183810669
12.050130681519516 13.398824790985440 -10.947816225988687 15.458967810223047 0.602398803830269
186.692982114805460 8.733295251243799 36.646534170587650 135.611612429290600 -94.731876953791712
158.752156623358960 -14.269404089410273 36.038628468101834 150.159929126883270 -86.466271954235026
156.350942456429150 -15.742661730258757 36.240391817737624 145.331356049733840 -96.438113122664106
90.861503158893029 35.781012611637578 32.376545444151638 95.826990469803960 -8.627117136117777
158.788313477107380 -13.347913123575053 36.489204049867112 139.376815507585770 -105.392744351997450
2.921122862906080 25.219908474132890 -4.817550030153321 12.262470030176324 21.653399101981201
180.118705785484420 3.979411548269705 36.835641438785146 131.085922973995590 -106.755247126425400
91.495249801007589 46.854224701511164 19.650806661983140 101.040403698622210 -26.975479847034546
156.851721774619310 -15.556432050079477 36.137269656737388 147.799261599289880 -91.791272153605519
92.174952715150837 38.834331399304446 28.707550465481724 98.037630001359702 -8.849741334582664
174.058056570373620 -0.748683654339291 36.835643823591816 131.085865901126250 -110.507836646501520
186.701989615152600 8.378239473191872 36.463898309435223 139.982429050220450 -87.045588059562704
86.958827860782677 47.387129476195454 27.873935110731750 95.904226482331069 -26.281138740752180
7.763507221420082 -0.199581128225754 9.862996753227357 14.724858792846989 4.691955198628550
99.841800607317879 29.466837635665538 13.723224898922805 78.668242309169813 -12.387725134099465
98.854000250129815 15.762942552047578 23.672692087136049 99.991798914551552 -14.163476840336989
187.061835776740740 8.820805626265329 36.545530494610915 138.028818683026630 -90.255811019596521
182.029165817769180 5.429717180629481 36.815413172758589 131.570023088855660 -104.721678359797610
100.236344935684580 19.587791604386620 13.868839225336494 77.933062928570607 -20.344349159566516
177.631564437318730 2.058772183042586 36.845556266129982 130.848642672750120 -108.712142326212390
182.811092797687820 6.014828088830258 36.802856289654109 131.870532709659730 -103.709466316084590
165.828760611387340 -7.392311305001726 36.722809092291094 133.786211363815740 -110.857816851501550
83.918164953062799 41.089752035415877 35.363113093857649 86.659722146264016 -26.062611837631394
-0.845632978008917 11.464144846633321 -5.999704635669222 2.700789006466094 16.794572853291942
101.892477642210840 18.190634004422058 16.441776210089799 89.588916044947709 -11.350977497149429
90.649046159214393 39.573635832725351 29.983255282840297 102.905237841839710 -13.883135011241619
166.532680833706510 -6.813939905067407 36.737548500907373 133.433469838924680 -111.041842859328540
157.699454953424270 -14.328248800934551 36.423185964930042 140.956751348795450 -103.290541624719850
94.196294600140206 41.376790068744810 22.029976112900123 104.909375974503590 -15.168413203977236
172.812444293848190 -1.738601645464791 36.826475117012521 131.305290141559340 -110.893477369729640
85.871289909212663 42.059515167105928 29.307945306125934 79.262133591735918 -28.117411439588079
100.412974969814670 37.809714061227510 8.138900600030404 84.975587428779804 -16.668446038394805
95.885697975669856 44.888249639274790 11.934936928668478 98.974702531269571 -26.255724949331903
183.778643375164140 6.729560696879883 36.782638015356483 132.354393703820310 -102.260126091797230
171.738576437660670 -2.596447495297416 36.816342498391649 131.547782594039350 -111.132244337231470
94.238669118095231 36.989761232032670 25.130958146507631 105.219239403143580 -12.059990524463755
16.890585041763810 19.761476578093372 0.102789048819090 26.529729939456963 4.312803123775428
156.714927866718430 -15.276793384649350 36.332148914243255 143.135437679899780 -100.071574208161560
92.706234363041787 41.758303904002879 25.240931207738072 88.120903799792728 -8.466020388827602
6.680646734759577 24.442679287523255 -11.762527500918901 12.357958055750801 14.855295554289039
186.883086291059700 8.831881799379840 36.621455426618603 136.211793523410250 -93.559491571280390
96.126283308495559 39.054273712778894 21.238625100365823 94.470719994044018 -6.825371846035484
93.711788283390575 43.654345480243187 15.305378732962376 78.175602806159418 -22.838565014917727
183.329398360659010 6.399158465003554 36.792760235257319 132.112150112095520 -102.963966758952300
92.511906668322354 43.363537464056343 23.862282196974167 103.616234172576530 -16.232465204654236
176.516573400300810 1.188290153670804 36.845231919161343 130.856404900346290 -109.388855724686890
20.488697565944435 1.917608911834227 15.581381828561993 17.334055562940314 8.209269154545282
180.333145992588410 4.143435304320401 36.833993207849382 131.125368212864230 -106.553159120896400
7.974407763318627 15.896201162668492 -7.875682980324628 19.316466614152489 1.820556828980777
9.950633231685583 27.303385142140268 -2.466554463737913 23.026476189230504 14.012466238398602
172.598845520828430 -1.908908688600439 36.824622930496517 131.349616417670320 -110.947835093274010
172.677435550223980 -1.846228369260937 36.825313865702377 131.333081050176130 -110.928232711784320
92.877881749917719 39.896714497433784 24.699897837141304 82.542673382553573 -9.099122040071004
92.226041292798712 29.412225489669456 31.825762014604916 105.070030654444480 -13.212888314808932
96.222851455197812 38.176059393920184 14.308658864267739 75.861585792070997 -18.232224755365543
1.138203700837510 13.248976014555453 8.770896270006936 22.383563572487809 9.874605861924588
157.145242464581490 -15.374498984142473 36.113536710124592 148.367235253884960 -90.611453001921447
16.202242445356969 18.817842721263393 -10.596050539533890 18.826011032080999 2.717411141074340
157.016479980441520 -15.455883301111051 36.123154314243024 148.137068058520780 -91.095643378770987
25.869288583502858 2.827983901198925 10.835748038614712 16.994780973797248 5.342869162418069
30.880664072362705 12.806257929045866 -8.253717085993765 2.691919236242114 14.808714182001182
15.498275519758348 4.976232563317121 11.521138943313037 22.066141591533182 3.255372878792491
100.856905294648900 34.483013543950655 9.814156631941605 83.452044568502970 -13.413603691864823
185.810925560581780 7.516341671272095 36.379788424295015 141.995335396408930 -84.060072873109547
93.103505266066819 32.940794586926074 29.793608130594464 91.254904140518789 -5.690961445491084
30.677898028546068 10.146303750045991 3.948358853504741 19.147058886313815 4.711965206886163
187.053234041023700 8.877342759593368 36.577432816679959 137.265336644692130 -91.602782128855864
158.717076563368380 -14.294510216575924 36.039768880584759 150.132636930248680 -86.535951796458477
86.508348770232843 47.275250510133809 27.493768594785834 93.946127204762703 -28.860595157274055
92.381379721421325 44.949840890469630 20.768445106131750 104.261361314956120 -23.029672137607438
13.416467156864933 15.453910823313290 -0.512593820770976 25.061381101308722 1.085708445683817
13.702330962092097 1.801798122149249 14.782296805055038 18.406925804289358 6.623407050668400
86.111293630516229 47.278637512436688 28.492333552356378 92.026722583245416 -27.671182286902010
90.524808625400581 44.419694344397982 20.158899978303083 77.574003384508771 -25.210582246629951
163.350418358452170 -9.447337426988838 36.661476308386078 135.254019217149680 -109.812961074957310
176.128460027561940 0.884069770863511 36.844505005532049 130.873801298582860 -109.598588373634510
18.031132032630726 18.575825482514894 -4.992931072112687 23.426593646666724 2.124687087510873
186.219020773655930 7.899742524458754 36.412591379195547 141.210299535487820 -85.186919355505893
102.189638435052930 26.566663115732926 13.037599006312426 102.082843609510930 -13.584584231649563
100.984707251379210 16.976023500848850 17.802136787370472 102.305002708388760 -17.862818279707643
92.692981908418844 39.324954729902885 27.311919309822034 91.506428069821965 -7.116412644379594
177.202694809302780 1.724580825480548 36.845749506036867 130.844018081547030 -108.985806326920710
85.315237151039838 45.105672704649379 32.093324713529356 94.549240899769586 -25.757168179018795
0.649854159913920 7.884595141450037 8.568911313701332 19.143912413403704 7.628442187718165
93.705348240804923 15.545648163108124 32.598590560208137 97.219542140308960 -16.261945859406154
166.687469230184630 -6.687042718794896 36.740646532514063 133.359328167331570 -111.076291698963490
184.302294724710010 7.110844624982210 36.768901750227315 132.683128135038800 -101.358228378058540
185.921273889043390 8.247292306623541 36.705060376193757 134.210971226577130 -97.670991958064320
183.120356750462070 6.244526135161422 36.797021182751593 132.010177695444440 -103.272589421817740
183.276479610652960 6.360063739000839 36.793864287838836 132.085728075682740 -103.043162430898970
157.564828630045980 -14.452709383832969 36.413383172293791 141.191350450613100 -102.961642027771460
156.404705780814280 -15.635136023384064 36.273472255546949 144.539679505531100 -97.796015915163480
160.546497225924270 -11.818771260340901 36.568661903935535 137.475240937102970 -107.645736739138160
91.009934541437929 46.116866131323704 21.536794676769514 80.744895808238283 -18.724890047225998
157.168779120591180 -15.359411781299785 36.111885055469031 148.406762428750910 -90.527420151588473
157.381522348970720 -14.623946469828486 36.399141748156012 141.532174278608070 -102.476217241239940
93.693328319190215 41.544901464971353 18.148033642334916 106.621702518059760 -27.559975689338962
94.263879679445992 14.867423816536363 31.895253093633229 93.502170146780230 -14.793928101132893
156.355265370494180 -15.764420058297548 36.227715769112251 145.634717523597120 -95.902348065656483
100.633822276696340 32.500314555587480 13.363982641874268 104.450114017314550 -14.777158514961048
103.376999010129680 17.932155007939095 9.547780831876928 92.761703597538727 -22.532381036764821
157.824947425612150 -14.213070264129049 36.431901038384424 140.748183394688910 -103.579352707150600
100.306334949854350 15.321144727537748 20.920103619499624 96.668419793462277 -13.325000134387384
187.035819432069730 8.771041997094075 36.530666995544934 138.384529923704410 -89.646837948580369
87.455353116013569 35.838968495372661 36.447576670839332 99.662085717441116 -16.203426570908565
25.636311076636026 4.500248649749638 -7.888121373426198 0.981749992171958 8.607670055469797
87.561828465091196 39.241198116268095 34.667782341940168 99.650599658682665 -16.475868189238589
160.452224645321960 -11.899696158351031 36.564939434994798 137.564326558154680 -107.547558572291150
161.772055025164460 -10.774656928685951 36.613058891635106 136.412738258099810 -108.754030654684390
16.859586664682837 -2.346783772970422 14.793134351137425 6.744501860116277 14.540036908590759
20.103264558657248 -3.088305926286308 12.386718676579113 8.261778566628248 10.034528690828161
156.487797482113680 -15.748461804544451 36.183613673544095 146.690162884167650 -93.965585832165843
102.100661818720990 16.111505535007037 12.387486388942436 84.927111623003668 -21.010965688231629
102.324051193723240 32.967130510301615 8.545974830685415 89.272953891539942 -13.004157388189185
157.736800407981320 -14.981675855283846 36.078899558108972 149.196166871017880 -88.788528191021754
179.476509350982720 3.486585489262239 36.839763043948317 130.987285279084890 -107.326200321879780
176.255471522180810 0.983693983408973 36.844776685702115 130.867299485656250 -109.531373855905680
94.301335162924246 27.420205963607181 29.167829690687476 105.428389968158730 -11.998622825617769
26.243380962886253 14.271105598799146 -11.364901666519559 11.767965618621822 4.380896241708106
96.506789324734058 12.535958404391661 26.301502757882211 100.199996019925950 -22.473664172028901
23.313216457064353 21.339864757506028 -7.429275116348219 20.796003447250477 5.498072724592609
161.865703373872890 -10.695409447517472 36.616180901298627 136.338022746907740 -108.827343132945400
10.198993405299634 -1.314789584503268 4.967905893841437 12.390907127792547 1.865740107765435
30.654613598194025 15.182295200216664 -9.423178328084553 4.342055745784089 14.561203662089685
156.469995532170060 -15.549219347134057 36.291117362582106 144.117399200772210 -98.497652533097209
32.856988794232500 6.213419466257598 1.478923288221922 11.395248318924319 6.720303287839602
100.279076349920200 29.934873708615402 16.324320553768068 87.977978550224535 -6.447196085530131
99.786301099103468 36.767646759929733 13.780367823169719 90.090716926673110 -8.563559038281452
35.226372122303196 9.071648005591735 3.744756011325899 8.190115944537222 14.808014528853144
161.667189821650080 -10.863478908263454 36.609521312445999 136.497399122729860 -108.670186475916130
100.669889472576630 16.429043643393314 19.114771035890410 87.422354037460849 -11.795056055122895
92.925566174258662 44.617531509997448 20.049531183048568 81.201643722182055 -14.902157672717408
18.660395208320939 10.686849939188019 -2.679597389314898 20.986354851609981 -1.553456793310001
164.399354896751110 -8.573734331178017 36.689367432393830 134.586532625960790 -110.336460613335830
95.227584834911980 45.524719287294126 13.383012038987737 83.291704702944315 -19.990130801845716
96.530146291812329 40.744441955747504 15.560353440900702 81.063299494377375 -12.664465129616978
185.643777686618360 7.362348528657670 36.367886560185980 142.280169191587820 -83.663033200405479
184.361541469196310 7.153682547334514 36.767195708179251 132.723956901594560 -101.249798150887770
184.570815682309190 7.304441210104317 36.760889339741233 132.874880054433500 -100.855011732776670
95.929154550543259 46.683977015021256 12.361134507563186 90.025886589891556 -20.131840294036479
159.796046238028850 -13.511481761003640 36.010155768581974 150.841333904230170 -84.622527856437031
97.555739394799986 36.621544924186210 19.600810069627801 92.539170495400157 -5.915026711505288
88.367105364859853 18.862410394927572 37.690911764094750 85.996502815555317 -22.195214714608397
167.555611132736770 -5.977148778744406 36.757105012757748 132.965446053761870 -111.230934004006510
88.866623202920238 46.343879397950204 27.899602626358288 98.576374128354317 -19.013036188202236
95.385661923950806 41.520890282163585 19.129631657700642 105.109165346385610 -16.507289146884421
7.854222897642377 26.816055640204077 -8.422527794431943 10.989898326942500 21.441367372289143
186.418795242047250 8.570002771105269 36.672061622149151 135.000692926018020 -95.975192969982317
157.743843248889080 -14.287422014383054 36.426312310805073 140.881932063978500 -103.394536134409170
14.648747440481369 15.839199510585871 -2.538739879263398 24.176511406112756 0.692323913104001
30.440940319960134 2.678061957282543 1.987521152896014 9.350599474745147 5.773022320026040
94.897411676728666 13.642613751623841 30.271164722958638 88.563431785314066 -15.411119586701123
91.470583694909138 31.840369811393547 29.713709409102854 78.303120708991955 -10.636374329324529
185.798563809842700 7.504902275891356 36.378882711576026 142.017010790173230 -84.029637175612280
157.203497025952150 -14.792683842835388 36.384083126804398 141.892555159321150 -101.953155663191030
89.683209478932142 20.233272727443307 37.317121386551335 87.733148583635284 -15.898398526878385
173.050511342314140 -1.548975786418305 36.828443496594744 131.258183148770430 -110.828856433353020
-2.693935877720852 12.533562508774544 8.606772566754657 16.699650806974901 15.198376424306922
16.320294299706898 -4.264135162519343 5.868225573326710 5.972694253702185 6.061103991313393
177.576739312157400 2.016095583091931 36.845603768905129 130.847505842787800 -108.748085367601190
85.885694780546515 41.338471490707640 33.950844523400065 83.604706790663514 -18.791659639367953
101.927084491976860 31.251715633367816 9.489670039944688 84.680087666876972 -12.884984892963004
-1.979495303549120 9.349727929963148 10.831536067773737 12.423840753156753 18.235468854274561
-3.161033095700725 14.013143888784253 2.177914657235472 17.261493683971931 10.861307316280843
102.199507376845770 17.518862378453186 16.016204069914508 97.542309358272647 -14.264800518084330
6.778156699567097 26.279306033990217 -5.634921000842242 20.321593143974667 13.362911825065796
164.817220814027420 -8.227343028934959 36.699657857442595 134.340263571483920 -110.510497903576760
98.740957271238955 10.588932779055746 21.909359597845231 89.485094498680795 -21.061124227464976
156.961945603386230 -15.026942185118516 36.360973067397211 142.445621961920860 -101.130825175748910
102.207148464181870 23.288689811283817 11.589389274262821 82.601142098798150 -14.097840119599313
173.584976549094730 -1.123996690713564 36.832491968250480 131.161295675025800 -110.668196530427000
23.226556060432401 2.856463813968320 9.515158364575910 18.349573740822962 2.979349120323786
156.606511917870310 -15.392386382071397 36.316505159289143 143.509821898506800 -99.480805878840599
97.812978169039525 28.953589757387675 18.684093135542351 77.718929794323614 -10.152467791425789
96.947373156250336 20.768330184346922 19.754928108549450 74.206144258168308 -19.186030890887977
102.019334700095910 18.434469960112288 11.485250963280993 82.470889736539021 -20.356734732611720
93.798145250645703 26.108214746032669 25.731044700194008 74.321876939530725 -13.999572649398280
99.451967247836706 36.552203664611838 11.085249302735644 81.168047139460640 -14.100648842605022
13.758390180411119 28.106462923417812 -5.460080703783657 21.593564644354885 13.709690038842433
5.657611428869789 11.642935917710481 -5.306987581619088 18.269024672871772 0.768912354907332
90.309392344246390 37.410554297939257 31.912375482673372 89.219843729804694 -8.521235427388824
159.880197965394730 -13.449619898815977 36.008245338317778 150.887054061811370 -84.490082049418632
30.549677973610443 1.831414815183301 8.154032409749853 9.590854107139963 9.715474645332376
3.176024859504365 12.415383274228102 -11.690174938806390 7.714583654239059 7.595703518215379
161.235167079229970 -11.230371280833719 36.594460796743078 136.857825338801120 -108.304309337253730
101.019107665706220 38.491244191601140 7.560173671112192 91.835699409579831 -16.724065032120794
98.027612954015609 17.494730011520225 20.339720379703824 77.542040914337974 -17.107508567940364
187.060272716944040 8.816964526914557 36.544208095707617 138.060466153953480 -90.201165596597349
100.637864958660300 16.977911783668102 20.200116330657295 93.672376432242586 -10.758260232793743
156.366135119159370 -15.698283069114732 36.256798247514553 144.938719600864260 -97.118675363753681
163.813733105203990 -9.060715827275946 36.674174887075090 134.950118556863740 -110.060132818656340
177.694478240476830 2.107728556972550 36.845493402279700 130.850147121875950 -108.670545122061680
98.212174963575009 34.039042402659668 19.886293588530826 95.227802865338816 -5.671430193605307
175.108257332758650 0.081551819449476 36.841162690966698 130.953789116760650 -110.089692993635920
35.422408555597919 9.685352148130145 2.708778369913504 8.524108725410649 14.225444787952124
99.476645064227156 41.378356669667042 7.868622765247144 88.857953175055357 -19.353629913114350
101.180198369187490 36.532697307353338 10.266587865368855 96.153175789313281 -12.771963314934212
186.634824787570640 8.308894103570179 36.455349672685905 140.187013863709130 -86.727662507522169
17.504361693815806 -2.287047915619565 -0.527666795517382 5.870286012541196 2.887364215765491
101.619034269746920 16.562108093640184 11.855386354439798 83.498236694256747 -23.694980941214730
173.902153396145050 -0.872278381030263 36.834650230359223 131.109644439404830 -110.562579731565880
1.027851887196896 19.180943724090483 5.993449910809561 22.754160771312165 13.317594339143646
169.677813951186660 -4.254040215162260 36.791158557561246 132.150481245155620 -111.349073229205600
187.001514830788440 8.720473601653429 36.518659005343224 138.671903514117700 -89.163084414850474
5.758561210554046 13.650674535780583 16.891809126548239 19.068897931929698 20.255926990571620
167.313265487875670 -6.175013597770825 36.752664503568496 133.071715716506590 -111.194239181653560
102.428041149396860 25.209292709332509 11.193158371023578 84.281246089982872 -12.533427333688499
14.045850412290115 -0.073228387559181 12.574372662503809 16.501339099238709 4.872617758285177
163.123611931134350 -9.637060511077063 36.655027824392654 135.408343460156600 -109.682200099610910
157.112863932872020 -15.395153990866094 36.115859230035525 148.311653022853730 -90.729173449386735
93.115628643719973 48.685233968683484 17.903578024936202 92.699753211995841 -18.779450927945099
100.773081504594260 12.666999374825497 15.416531441331122 87.261977999322212 -24.354001295247912
160.712655532611850 -11.676371518594745 36.575105410791323 137.321035806278050 -107.813839068843110
101.670803437743420 18.976879962914914 10.331331206891400 82.094440100435762 -24.184824297485768
86.743019358872189 43.183905313006157 33.563851454393486 92.740554311843226 -16.684332181782146
92.057848674334110 33.622482777612873 30.703192498562608 104.285980637362800 -12.075936474807753
157.516076838307670 -14.498036838162569 36.409703712919715 141.279406772557650 -102.837088135159680
87.511484059850304 40.573085522069668 34.073855788008622 89.358754715152315 -13.367987167726469
8.135330448546132 8.617078079209204 14.264010073842467 23.110902897168533 8.514525397387434
103.202768892812660 16.969448883751966 11.478251330207854 95.112777466190877 -20.405740683195013
100.428576189276040 37.990059543306224 5.345771901787437 89.121658722594958 -24.666678667217550
97.208298681133513 41.149145950742891 8.492637388750294 82.899371560636922 -27.015880778205130
179.071222451306370 3.174391115754175 36.841771818016440 130.939211570946500 -107.661614825946300
97.527219490124310 40.105837952331001 11.428765711438928 79.602053288285262 -18.247342562350390
156.555600712482120 -15.448855422366984 36.308055575229481 143.712036196481310 -99.156982433546588
88.044453153943877 36.091151636239331 33.008620543792347 79.255911100627713 -14.830694388359586
168.795812166704880 -4.968134068666926 36.778035500998378 132.464540452260140 -111.343282882791410
186.187219186441870 8.422711181585424 36.688892588216220 134.597896532319310 -96.826397403424735
96.674589021758919 39.384154067827069 12.056803847332166 77.294127864776158 -20.806849706377054
184.928520817774850 7.559879104069648 36.748975858368482 133.159991872389720 -100.132517443917150
186.097376182848310 8.364074373290592 36.694669269091847 134.459649790273860 -97.124961337626772
178.580201405643830 2.795015588232936 36.843630635595929 130.894726601124940 -108.043805779948530
94.131202250534756 44.585702835382293 14.094395468852381 80.032555360782609 -23.433964323058635
156.922625877351040 -15.513744063895546 36.130900806221071 147.951680064739660 -91.479530792625482
90.935623990138140 31.023441783299027 34.147463486839712 93.791432818611014 -8.263992759203056
18.112808604910846 7.847729645725208 10.619882236109714 24.018018173569530 3.283736382279471
8.836884033299050 26.485917206350052 4.787184209441952 23.401419664208280 18.795966789771786
186.076926941688750 8.350632296618041 36.695935830960181 134.429338603682990 -97.190887601254502
184.855004011799540 7.507634981541308 36.751552660480485 133.098324194262690 -100.286402696887690
94.797810042350406 47.423732615962500 13.448130537116693 87.965944286708790 -21.436545175170707
186.859615272344000 8.820898987339110 36.625151522321268 136.123339063109650 -93.729462310207765
98.633418347325588 38.071259212065442 7.511463940333865 81.438548648165934 -25.345003404991406
102.978163940878900 20.913645112969611 13.549513307715138 95.591701457000084 -12.359173934823975
183.815561396357310 6.756586074736845 36.781742440519345 132.375826479173040 -102.199604858803400
88.061768294932122 43.339678095389139 30.514267336490441 84.408274892887150 -14.932182458063442
87.193297545318316 42.460785417889866 33.534272680241685 95.947597489985313 -16.414385814791114
90.352935061491024 21.779550832054554 35.836318563845012 102.570450234982630 -19.597704718565097
184.780056537560260 7.454232992887812 36.754108399931802 133.037160584870260 -100.440287971483580
157.259712224334320 -15.300595943705527 36.105769722299144 148.553113751502110 -90.213939325627862
20.223176265322305 16.847430921859313 1.906225945707225 26.135737809841864 3.049457703165588
158.577533606698010 -13.534916774100898 36.477820794449272 139.649238030011870 -105.044529682298960
94.424661288471626 33.615786912507751 25.797337014742002 83.916387557437631 -6.042342129150409
102.472197139027770 15.116162575189835 14.153875360044198 95.825333248071800 -19.522150970936885
93.452679272818315 19.816401347862623 29.054139914805852 77.507726172606382 -15.180697118112406
165.644238256319800 -7.544282757991971 36.718763848359600 133.883021592102380 -110.801943169552260
182.124404479438480 5.501288161852227 36.814037338969896 131.602949356201550 -104.604850347153670
4.097821547785060 21.613969357643143 -10.901030949126149 14.378951482554355 10.634403547126118
85.764850724400048 45.860680695910709 31.096280007236857 94.929276864112367 -25.377105146445373
156.619511665332820 -15.378231044744155 36.318529750584823 143.461369654627130 -99.557900754434755
171.667319184418430 -2.653513900480690 36.815597788039987 131.565604901018280 -111.145045081881880
163.627641534748190 -9.215855420689252 36.669149109356866 135.070394786544600 -109.963994588900140
161.974498038770970 -10.603430202720030 36.619764770028141 136.252254087284400 -108.910701057549720
22.979520122698496 -2.126303223168600 7.789687132060307 0.955664648274773 14.833271352487394
95.558470841460121 28.684640414640462 27.262279252000919 91.724391732943957 -4.768825036051503
93.691898774240457 15.375486406250170 31.077114123452418 102.002785039373410 -21.844223401619928
187.055646246590920 8.806707853187273 36.540855112772192 138.140709286114860 -90.063021129029892
184.039803203416600 6.920286771085555 36.776074319411741 132.511475183596420 -101.822392514547670
98.099385666986890 10.198682652037849 23.038365353663600 91.241502228928425 -22.361372809182527
7.061434199692405 -0.926107375226318 8.009888108715934 12.835321246923630 4.450408562495518
186.427846451896840 8.575621530658959 36.671334085955650 135.018104223376700 -95.938992478180282
98.676791467542614 20.908672117261148 23.396218164942631 102.326061452025610 -11.023518267130346
25.737025614893341 8.276037725646798 -3.423635569211021 16.362863280634745 -0.100405317091726
-0.597364596155009 6.978218358334583 9.972263955227160 16.657179655404430 10.539219970162005
183.442581936307700 6.482656120739531 36.790338920160465 132.170096696096490 -102.792060548054890
30.620853733171039 11.564556638605694 -3.013943679863917 16.171001069029742 3.595282023749702
10.642067023872070 3.881615816667278 12.466819052754989 20.608691622901556 4.680063678084865
162.116063704023560 -10.483879271589503 36.624360480003148 136.142270180416460 -109.016321376237530
164.972368017738010 -8.098954147197205 36.703367114625273 134.251494132431560 -110.570429545530670
85.107982455696714 41.973492708744857 34.952221453937895 96.809697777892637 -23.765865025119616
186.998014934947630 8.875017483082756 36.597988702903351 136.773395967783300 -92.501444759199984
96.344033938892565 28.556494028308965 25.899457256547368 92.080176361944012 -4.599525726412953
187.069197049319230 8.851463551142528 36.558097794534341 137.728059768326490 -90.779768335410537
11.323668502392351 21.120971576023543 3.058244031793137 27.307397804300326 7.591275065851709
87.043910961379154 40.402106058926435 28.784330975822193 76.382329127674410 -24.560590475738593
88.879443311335052 46.116350864942333 24.113793213468810 100.753219701451070 -29.254444990514980
5.931569773299309 23.353415291501388 8.828831835766598 22.606705408900815 19.872815837017797
156.478038549482620 -15.752291581098754 36.185522068651657 146.644491431678570 -94.051885282545115
87.921118064257726 38.219007918284092 33.155244313659153 82.034480809044879 -13.729618512672603
84.438139313298024 43.387630318852878 34.305086918429275 91.444618039419311 -25.317931433234239
157.306287750092110 -15.270174386244568 36.102786956532604 148.624496896665700 -90.059662222265843
99.677541735680066 37.143424966743865 8.315275487763435 81.322756116156526 -19.273994337532958
24.303853903152284 3.563236185520045 -7.586736798946918 4.252516720657422 4.493984014663354
96.476704546744543 17.223141237478494 28.507191553866605 95.180217785172346 -10.551633482639053
91.938233462794315 41.702679051524818 26.919059241442355 89.829272068392328 -8.650294262957271
3.952005277935625 10.420386537559732 16.450693877549632 13.601793603476924 22.432500713770658
23.065650249959120 -0.821111089114938 4.037335405772002 11.321128358367009 2.122428531379653
89.592197738722547 19.515332007974706 36.761139524699132 84.946983817676653 -17.547132122659292
102.936429608347030 29.705271614810634 8.871736869370917 99.426763622702381 -16.063208705180273
103.323622646395380 17.515403455099616 10.181454425506104 93.832621928885800 -22.021614193678847
171.457668911541360 -2.821515824717923 36.813354573649491 131.619289203106720 -111.180513473507200
96.523460615499786 11.579194556105794 27.041939802725615 96.692509047670228 -20.418594569973543
101.928598275417410 19.689476719122528 13.627797399368269 83.154867461369903 -14.404487915379809
103.103082511892610 27.939545931596175 7.891401799019945 86.366567384468112 -15.226959365351878
186.460349096699760 8.133861303684782 36.435718832345181 140.656816468206640 -86.010119466521544
8.703994157874723 23.692284252305100 -13.292276339079804 12.241201807252819 12.849132593847191
96.536319355463974 44.093396109512959 9.094801869779662 87.861670847900413 -27.292825321596773
94.904186938972117 46.236298912325239 17.288989033120956 97.387934043125071 -15.821430789311838
157.060770282391670 -14.930208395801419 36.370878343070679 142.208570249977210 -101.486201488936050
89.114309438245968 37.914901310431681 31.515088180468886 81.340072170947550 -12.119092285009035
159.877912553863180 -13.451301236948074 36.008296576691627 150.885827832008460 -84.493651895185266
166.684070540349180 -6.689827926715843 36.740579050959759 133.360943126722790 -111.075558096987630
95.979889687244125 41.034820785899548 13.443752642448743 104.571417329598920 -28.010962134591271
100.210740534643360 21.802078077832284 19.827710898946236 89.360386716585495 -7.200477688871967
178.911710157792640 3.051281663480260 36.842443190362090 130.923144379165620 -107.788612289150460
162.152597625330430 -10.453050861940579 36.625534311605506 136.114178201955210 -109.043066403657750
159.716762304816740 -12.534684687732605 36.534053993757595 138.303472742548590 -106.704044138314900
186.769479065294290 8.775184184121327 36.637561484503308 135.826345533864610 -94.307169001257549
165.043995910508070 -8.039719369953767 36.705059712625690 134.210987106997950 -110.597262528190640
96.889028063601458 42.065472055645273 15.548201099043343 103.131206437669620 -16.868938887589763
99.866355092275512 38.263808036712803 5.497883294280651 91.858747572895467 -27.616576221272734
94.029723906546650 43.639186402167823 15.390747083994313 78.412017974140539 -21.190059060017600
164.380414221459520 -8.589456289539921 36.688890391877813 134.597949094791660 -110.328126015773710
167.728569481709140 -5.836077238961636 36.760202747526421 132.891311486055770 -111.254120319373610
101.759418623981620 27.851176660479819 12.707554168386421 85.561588421059071 -9.644891178319847
186.539383793508850 8.212380038720994 36.444223743989426 140.453278077993250 -86.318856864199859
89.843872346135342 48.383850176784591 24.000561793459884 97.375188758461888 -21.367429873491766
88.577458491843217 33.208643370367902 36.105300370067290 100.886850156071010 -14.831040783625271
178.798673728217920 2.963963017231454 36.842879282098046 130.912707890976800 -107.876939252339380
101.224997287214880 34.357974419421062 11.641469278954007 100.039265518250080 -12.752123648915425
21.966191980189045 20.624237109000234 -1.438018835538274 25.107231676778149 5.195131054789002
169.813107664498630 -4.144752511207913 36.793045477386030 132.105323736216860 -111.344659279612770
159.184671348170270 -12.998860129785617 36.509300475644153 138.895870575668680 -105.992487735547750
174.384352519337710 -0.490294076912482 36.837578722812836 131.039560155793910 -110.387180219931200
103.395905642755570 28.798196041260660 8.583781310447098 94.952048582318028 -14.039240628761526
89.046450247042586 45.948648936442282 26.680315871097072 83.747520724461296 -16.666489652775763
87.068251820905274 23.262160322669718 38.694476760870501 84.160996704159416 -20.711865778361371
185.414749037345440 7.901416793335111 36.729917481098170 133.616094368446030 -99.029970216434677
100.942713086098590 15.806965487881234 15.299479233888455 82.190126876984536 -18.822212127742450
163.008451220661700 -9.733512795846892 36.651692782537346 135.488157228825540 -109.613248112973780
2.940024348549329 17.922738649734939 12.266518818987342 21.287231074618710 18.642643207491226
33.963387670746222 14.752721371628720 6.634389478457655 17.643327804663336 13.104003726023713
86.433864129413564 39.962547139414028 30.442788157633302 77.188617188760617 -24.140237454380372
101.802967154480370 22.184897697218243 13.134394185332040 82.287677132644873 -13.298155838343106
7.886201936062347 24.621697292252811 -9.388732633640052 18.536961489336111 10.399432193722921
100.502362947286780 21.214483791617198 17.582961792352954 83.344258336010967 -9.965631050727746
103.969991181939190 22.119468162714412 8.634465443520162 94.858010841675480 -18.188376407427910
21.263701513795894 0.985467058286043 17.267528331262099 13.141730892173552 13.033199926786050
94.818043446936500 13.462098709123506 29.411056496211554 100.340432212438030 -22.004404270565967
101.641784191637020 28.614458641208209 12.151619048129270 84.380906565857856 -10.384682252776894
162.716305798733540 -9.978574823888568 36.643042086129228 135.695184520205490 -109.430328619424630
158.633644764164190 -13.485031464734753 36.480903335666916 139.575467072305230 -105.139423712522910
101.039869166345770 35.644552481592349 5.214086831005758 86.251844395324596 -23.579683172385650
1.688443820056561 22.496927988083627 -3.206620776644032 20.153759291289866 11.883944201940357
91.255531271557402 21.556914571681119 35.723937315061981 99.190202951265022 -14.642540907500132
158.273919619499650 -13.806295121119740 36.460408942714672 140.065936100601850 -104.500262521205850
84.230566723100893 42.019483423634881 35.527443288268771 89.572883006981598 -24.131209117180216
160.959039601917250 -11.465738141738647 36.584397302779216 137.098663509379180 -108.052057334941820
30.226049279631411 6.197439084687186 -4.955355755251052 7.771944702467548 5.367850696905050
98.992497859477183 37.255949366511246 14.448407127553770 104.185764911617380 -14.887747459131994
88.621911840762436 17.356640614105729 37.579810659715463 91.533916835436003 -24.668301017039809
178.112740658707480 2.432742130742076 36.844844801295586 130.865669352525690 -108.384298530140200
1.268636867763986 1.613165497359772 8.800720641698799 5.191547372560671 16.082614440431389
25.811733234329122 -0.281040068118605 -1.000860309659933 2.181704121448910 8.068626054202069
24.105155660824472 8.446020619818075 -11.390426789835486 6.256524038939745 4.287290024932560
161.313870710814370 -11.163412970017777 36.597264863570274 136.790718792380430 -108.373503913910080
157.988220773445110 -14.064265600961184 36.442710444176292 140.489494163563510 -103.932848217704080
160.311853660520260 -13.130853072303811 35.999175590154280 151.104110042879510 -83.841393392870344
170.661902688415860 -3.460604958964542 36.804130400457957 131.840040862969600 -111.285296536070830
159.562241560869580 -13.682827382567114 36.015730759421011 150.707913980744000 -85.001744538687461
161.820276824589090 -10.733841895951270 36.614670821858120 136.374161762957670 -108.791963201799920
160.201099705662100 -13.212862283442851 36.001391624226457 151.051076216477070 -84.003162239391784
165.869996606500590 -7.358370418895884 36.723702598193299 133.764828101932720 -110.869861523233470
5.620320949112061 19.965948810411575 -5.525563335225945 21.617741075444609 5.628960721675874
98.781908173242584 17.393833011410550 18.562960636770484 77.828881105539736 -18.058658363718820
93.068991703724862 42.847894027212888 22.441342496225328 105.245390471038990 -18.139307800124392
1.075140524032040 18.174768040006075 -9.820758725625955 12.620404406365335 9.983209780030695
158.594683282201910 -13.519661666220411 36.478767113815977 139.626590843470210 -105.073708609780330
91.255567573610747 40.583175773311055 28.944189157885049 100.229778323179740 -11.569982039791102
176.889229502367750 1.479813531843951 36.845636867132185 130.846713740513680 -109.175153345981200
185.220515417270690 7.765890028275729 36.737988387308228 133.422942537330900 -99.489651412734815
162.675025906360790 -10.013246596165770 36.641797192240290 135.724977151656560 -109.403533580783190
17.944739475287207 2.441358186054275 4.942144779925605 17.956216883813056 -0.542087814018430
162.803885593539180 -9.905051973362703 36.645664552644291 135.632424007787280 -109.486390301527510
156.675212602901750 -15.657317076661066 36.155839394420198 147.354853159467750 -92.681505244378101
33.684505720978969 16.759596724777282 -5.750006330420900 10.173191183836710 12.896487440143561
172.645196212798510 -1.871938559932703 36.825031759712445 131.339832372407670 -110.936329994398730
156.378553994767770 -15.675610156018214 36.263347707999216 144.781978802185170 -97.386422289963107
161.525163093019980 -10.983919652332119 36.604658206468720 136.613782314402730 -108.553606346188810
94.625862244225061 44.252830543610038 20.303934863902327 97.428767081917442 -11.836699827201109
160.085784731103020 -12.215222928413857 36.549981015372921 137.922309424682650 -107.145369040188430